#RA DEC Teff logg Fe dFe RV
110.0459 +43.0522 5260 2.62 -2.42 0.24 −84.9 
110.4208 +40.8947 5643 3.6  -1.57 0.4  −85.5 
111.5919 +44.0179 6166 3.8  -0.7  0.2  −51.4 
112.0456 +43.9914 6370 4.0  -0.53 0.24  15.3   
112.3237 +44.2279 6319 4.29 -0.87 0.22 −0.9  
112.5667 +45.9455 6400 3.85 -0.76 0.15 −67.3 
112.6119 +45.7784 6266 4.13 -0.77 0.16  22.1   
113.0244 +45.6965 6165 4.0  -0.13 0.26 −19.4 
113.4132 +41.9324 6183 4.0  -1.02 0.24  1.0    
113.4275 +45.6423 6410 4.0  -0.49 0.31 −13.9 
113.6421 +45.4681 6043 3.9  -0.58 0.18  8.6    
130.4019 +17.3976 5753 4.28 -0.1  0.32  56   
134.5085 +15.3492 6493 4.52 -2.21 0.4  −21 
134.8974 +18.1561 5624 2.77 -3.37 0.2  −73 
140.1321 +16.4130 6404 3.14 -1.7  0.3   133  
140.6414 +16.7636 6388 4.34 -1.9  0.3   77   
145.6718 +12.8405 5079 2.02 -2.53 0.22  156  
149.5692 +15.4688 5104 2.43 -1.98 0.38  65   
149.7205 +15.3115 6377 4.81 -2.64 0.3  −57 
151.5308 +12.3833 5859 4.08 -0.24 0.2   41   
151.6456 +15.9545 5058 2.91 -2.84 0.4   82   
180.1247 +03.4435 5344 3.72 -2.04 0.31  52   
180.6670 +13.3324 6210.0 4.54 -0.60  0.15 30.0  
180.8898 +15.6500 6500 4.1  -1.71 0.17  15.7   
180.8913 +11.3199 6290.0 4.28 -0.51  0.15 15.3  
180.8994 +16.3260 4970 2.36 -1.04 0.13 −17.8 
181.0906 +07.1880 5027 2.08 -2.67 0.17  170  
181.4437 +13.4888 6097 4.43 -0.88 0.15 −45.7 
181.5243 +03.3550 6015 4.18 -1.74 0.48  49   
182.2972 +13.1228 6521 4.39 -1.46 0.17  92.0   
183.0629 +00.4536 6548 4.68 -1.78 0.3  −7  
183.1390 +16.1839 5130 3.54 -0.51 0.15 −13.0 
183.4550 +17.0927 6725 3.83 -0.82 0.12  40.8   
184.2955 +02.2702 5713 2.27 -2.51 0.3   139  
185.0799 +14.6464 6240.0 3.24 -1.48  0.15 162.5 
185.3534 +06.6021 6641 4.15 -1.54 0.4   47   
185.5596 +15.5893 6463 4.28 -1.22 0.15  36.6   
186.1986 +07.8741 4863 1.87 -2.56 0.23  43   
186.6431 +02.5876 5396 2.35 -2.47 0.36  81   
187.5818 +01.1287 5866 3.85 -2.38 0.34 −56 
187.7182 +08.0847 5442 3.2  -2.51 0.27  102  
187.9247 +07.1207 5345 3.11 -2.54 0.2   19   
188.4543 +15.1750 6072 4.1  -0.46 0.15  10.9   
189.2663 +06.4655 4811 1.72 -2.98 0.15  32   
189.9859 +09.1684 6593 4.38 -2.0  0.3   80   
190.6456 +07.2182 5040 2.16 -2.64 0.24  5    
191.9208 +16.0031 5433 2.35 -1.23 0.14  11.8   
192.0673 +11.7148 4897 1.4  -2.23 0.18  179  
192.4508 +12.7922 6262 4.12 -1.38 0.14 −8.3  
193.1624 +09.9384 5334 2.97 -2.68 0.2  −153
193.4392 +06.2295 6320 4.14 -2.32 0.2  −43 
193.5777 +10.3945 6300 4.55 -1.74 0.21 −68.9 
194.8481 +11.5875 5260.0 3.0  -2.64  0.15 119.7 
195.1494 +06.5655 5370 2.8  -2.35 0.24  352.7  
195.5094 +14.7574 4916 1.38 -3.0  0.29 −35 
196.6013 +15.6768 5970.0 4.63 -0.32  0.15 -102.8
196.9043 +06.8973 6080.0 4.01 -0.07  0.15 -4.9  
198.3167 +14.9688 6410 4.36 -0.59 0.13 10.8    
199.9433 +08.2834 6343 4.45 -1.4  0.24  70   
200.8833 +07.5827 5714 3.76 -3.21 0.4  −38 
202.9418 +11.5464 6310 3.4  -2.47 0.3   45   
205.3035 +11.8152 4885 1.85 -2.4  0.2  −230
205.4970 +15.0564 5630.0 3.28 -1.59  0.15 -13.5 
205.5019 +09.1183 5094 2.62 -2.48 0.26  25   
205.9426 +13.4095 5506 2.86 -2.6  0.4   83   
205.9964 +09.8864 4704 1.46 -2.4  0.13 −86 
206.1325 +09.6969 5023 2.14 -3.09 0.19  183  
206.8050 +00.7423 5482 3.1  -1.92 0.23  59.4   
206.9304 +11.8894 6409 4.48 -1.18 0.32  72.5   
206.9493 +03.5376 5071 1.9  -2.99 0.19  218  
207.2510 +08.0288 5796 3.36 -2.42 0.22  76   
207.2521 +02.4116 6105 4.13 -1.1  0.23 −35 
208.0555 +08.8014 5444 1.67 -2.66 0.2   143  
209.2664 +08.8383 6587 3.94 -2.12 0.38  8    
209.5181 +09.3536 5938 3.24 -2.82 0.41  4    
210.6952 +12.8768 4640.0 4.5  -0.42  0.15 -4.2  
211.3152 +14.5045 5253 3.18 -2.53 0.23 −160
211.6331 +11.5663 4987 1.88 -2.13 0.28 −34 
211.8066 +10.9305 5266 3.12 -2.56 0.25 −101
212.2541 +11.4580 4514 1.05 -1.67 0.35 −146.0
212.4100 +12.4093 5067 1.83 -2.36 0.24  12   
212.9097 +12.3046 4845 1.68 -2.55 0.17  256  
213.1910 +14.7927 5100 1.9  -2.81 0.17 −61.2 
213.5603 +15.8663 5007 1.88 -2.49 0.22  76   
216.1506 +14.1298 5754 2.5  -1.32 0.33 −52.6 
217.5308 +06.7700 4920 1.74 -3.1  0.31 −49 
218.1282 +09.1135 5268 3.43 -2.85 0.35 −215
218.7940 +09.2376 5742 3.45 -2.33 0.25  313  
218.9043 +06.5074 4838 1.53 -2.42 0.26 −67 
220.6472 +15.7418 6600.0 4.82 -0.37  0.15 34.4  
220.7009 +13.1405 5639 1.44 -3.08 0.2  −68 
221.5252 +08.8473 4906 1.87 -2.55 0.28  157  
221.8058 +08.3480 5429 3.33 -2.52 0.41 −105
222.2881 +10.9494 5543 3.8  -0.27 0.24 −64 
222.6812 +13.0035 5087 2.01 -2.42 0.21 −58 
223.9762 +11.1671 5433 2.91 -3.02 0.21 −332
224.5818 +07.8348 6200 4.47 -0.5  0.21 −36 
224.7686 +03.1691 4948 1.67 -2.36 0.35  16   
224.8486 +07.0259 5730.0 4.64 -0.14  0.15 50.4  
224.9573 +04.7380 4793 1.74 -2.68 0.19 −390
225.4126 +06.9134 6845 4.52 -1.86 0.3  −19 
225.8227 +14.2933 5400.0 3.5  -3.07  0.15 -93.7 
225.8227 +14.2933 6600.0 3.5  -1.87  0.15 -93.7 
226.3808 +09.4964 5266 3.0  -2.67 0.19 −192
227.2805 +12.4031 6559 4.42 -1.8  0.3  −43 
227.8447 +15.1545 6298 4.15 -1.55 0.32 −182
228.1007 +10.7260 4763 1.04 -2.6  0.19 −215
228.1376 +12.2612 5447 3.29 -3.0  0.4  −136
228.5701 +07.0848 6694 4.22 -1.63 0.15 −157
229.5434 +10.6323 6443 3.73 -1.64 0.22 −132
230.4662 +06.5251 5520.0 3.93 -0.78  0.15 -26.5 
231.0319 +06.4867 5880.0 4.57  0.03  0.15 22.0  
231.2818 +06.4018 5960.0 4.3  -0.14  0.15 -44.0 
233.1472 +14.1278 5806 3.74 -0.62 0.18 −131
233.5160 +15.9466 6616 3.89 -2.28 0.2  −51 
233.5730 +06.4702 5250.0 2.5  -2.28  0.15 -79.2 
233.5763 +03.4486 6488 4.15 -1.17 0.47 −124
233.7227 +04.8972 5337 3.49 -2.48 0.39 −98 
233.8164 +02.8563 4752 1.43 -2.51 0.17 −104
234.0338 +12.6370 6603 4.2  -2.49 0.08 −170.8
235.0278 +07.5059 6442 3.13 -1.12 0.34  65.7   
235.0537 +07.5988 6680 4.32 -2.19 0.13 −126.7
235.1408 +11.2412 5391 3.21 -2.21 0.24 −95 
235.2603 +12.7880 4867 1.4  -2.02 0.22 −208
236.1350 +07.9341 5945 4.27 -0.17 0.3  −129
236.2417 +07.1782 5601 3.62 -2.45 0.45 −168
236.4719 +15.3328 6444 4.35 -1.75 0.21 −142.5
236.7635 +05.4474 5370 2.94 -2.03 0.17 −213.2
236.8164 +14.3400 5566 3.48 -2.97 0.43 −77 
237.0863 +10.5790 5570.0 4.54 -0.09  0.15 -28.1 
237.1666 +04.0968 4801 1.54 -2.83 0.21 −191
238.2716 +07.5917 5202 2.48 -2.32 0.22 −86.1 
238.6700 +05.8295 5051 1.83 -2.27 0.19  29   
238.7984 +13.4432 5245 2.77 -3.02 0.4  −60 
239.0673 +04.4411 5815 4.65 -3.8  0.4  −73 
239.5168 +06.8645 5686 4.04 -0.22 0.23 −13 
240.2908 +07.9401 5023 1.78 -2.16 0.24 −0.5  
240.8121 +07.2526 6485 4.03 -1.5  0.2   0    
241.1299 +06.3632 6269 4.0  -1.57 0.2  −159.9
241.1613 +16.3672 5729 3.86 -1.36 0.27 −123
241.4951 +12.2706 5604 3.58 -2.55 0.27 −16 
241.5968 +04.5933 4910 1.41 -2.24 0.19 −193
241.9145 +09.8595 4687 0.97 -2.2  0.22  65   
242.0410 +15.8022 4874 1.63 -3.07 0.19 −278
242.1683 +11.6600 4841 1.59 -2.42 0.18 −160
242.4016 +05.8580 5264 2.72 -2.83 0.18 −136
242.4202 +17.8114 5929 3.08 -2.0  0.4   117  
242.4476 +16.9021 5017 2.13 -2.81 0.2   62   
242.4481 +17.4384 4895 1.42 -2.36 0.19 −112
242.9404 +11.7356 4460 0.9  -2.39 0.2  −52 
243.2008 +06.8892 5683 4.61 -0.06 0.35  18   
243.5457 +12.5189 6179 4.45 -0.37 0.3   34   
243.8528 +06.6345 4886 1.7  -0.65 0.4  −5  
243.8922 +04.8666 5601 3.9  -0.99 0.16 −20 
244.7163 +09.2647 5325 4.39 -0.71 0.23 −5  
245.0350 +07.0160 4858 1.51 -2.65 0.29 −12 
245.8356 +13.8777 5650.0 3.44 -2.12  0.15 -176.0
245.9038 +05.9390 6390 4.03 -1.17 0.35 −82 
246.0821 +09.9611 5956 4.1  -2.32 0.3  −33 
246.4406 +15.0900 6081 2.63 -1.59 0.17  107.5  
246.4552 +14.2016 6471 4.2  -2.38 0.4  −20 
247.2527 +05.6626 5661 3.18 -2.77 0.4   54   
247.3535 +10.1964 5175 2.19 -2.79 0.34  45   
247.3761 +16.8149 5516 2.75 -3.43 0.35 −299
247.6492 +09.8880 4861 1.35 -2.67 0.2   119  
247.9296 +17.6603 5127 2.08 -2.87 0.3   41   
248.3014 +09.7034 6684 4.26 -2.07 0.52 −29 
248.8084 +17.4032 4863 1.48 -1.76 0.19 −64 
249.1867 +05.9980 6178 3.31 -2.09 0.44 −67 
249.2044 +10.5327 5240.0 2.07 -1.86  0.15 -402.0
249.6131 +05.3269 5303 2.91 -1.98 0.17 −257
250.2762 +09.2517 5704 3.74 -2.63 0.26  70   
250.2948 +14.9801 6638 3.89 -2.67 0.3  −45 
250.6963 +08.3743 5410.0 2.5  -2.12  0.15 -4.0  
251.2012 +16.7235 4801 1.48 -2.61 0.2  −366
251.2069 +14.7890 5612 2.56 -1.9  0.3  −252
252.3631 +13.2237 4886 1.33 -2.67 0.27 −18 
252.4992 +05.4959 4851 1.48 -2.55 0.2  −310
252.6959 +09.4020 4761 1.69 -2.62 0.21 −106
253.2195 +11.3874 6434 3.92 -3.0  0.3  −81 
253.5853 +16.2970 4582 1.02 -3.02 0.21  175  
254.0070 +12.7611 6080.0 4.63 -0.17  0.15 -16.8 
254.1519 +12.6741 6140.0 4.82 -0.21  0.15 16.9  
254.4746 +11.3806 4818 1.85 -3.08 0.17 −230
254.4842 +15.4573 5450.0 4.45 -0.08  0.15 -8.1  
254.5606 +15.4784 5220.0 4.08 -0.67  0.15 24.2  
254.5655 +13.1590 5105 3.07 -2.78 0.34 −162
254.7635 +17.2190 5297 2.89 -3.43 0.42 −149
254.8233 +12.6074 5793 3.59 -3.12 0.2   13   
255.0531 +10.7488 4500.0 4.5  -0.17  0.15 82.1  
255.8743 +11.3281 5385 2.66 -2.6  0.3   72   
